#unpaired probabilities
 #i$	l=1	2	3	4	
1	0.9919758	NA	NA	NA
2	0.9823179	0.9841288	NA	NA
3	0.9987549	0.9814799	0.9836132	NA
4	0.999002	0.9979588	0.980331	0.9819131
5	0.992119	0.9902733	0.9865799	0.9657563
6	0.9918671	0.9887935	0.9861932	0.9811989
7	0.8881219	0.8694116	0.8428693	0.8043516
8	0.6583955	0.6856082	0.7305381	0.7929946
9	0.8021761	0.635164	0.6663066	0.7093161
10	0.9256779	0.7798446	0.6163841	0.6466669
11	0.1725131	0.147144	0.1387163	0.1023756
12	0.170912	0.1108278	0.08088002	0.06807704
13	0.2316293	0.1655748	0.1066972	0.07703997
14	0.2774183	0.2178984	0.1523108	0.09303314
15	0.8712093	0.172111	0.1390801	0.1025074
16	0.6246432	0.6125359	0.06235969	0.04423037
17	0.7078427	0.5641221	0.5830872	0.05815097
18	0.3479863	0.1208396	0.08332242	0.07535034
19	0.01347635	0.01186272	0.01128249	0.008803543
20	0.0706395	0.00659511	0.00617771	0.0061035
21	0.1293285	0.06727442	0.003904626	0.003341672
22	0.1179617	0.0896376	0.06214915	0.001507606
23	0.1583863	0.05614231	0.03135141	0.006726292
24	0.8323395	0.1151364	0.03012517	0.01629948
25	0.612616	0.5692929	0.1114454	0.0295217
26	0.864509	0.6068691	0.5641703	0.1074101
27	0.367036	0.3132525	0.2322721	0.1754126
28	0.354584	0.2735576	0.2216316	0.1479335
29	0.6924074	0.3089768	0.237764	0.2015924
30	0.6346982	0.6187688	0.2464447	0.2211532
31	0.3456496	0.2597088	0.237073	0.1914464
32	0.4933009	0.2715766	0.2273478	0.206514
33	0.1332279	0.1180174	0.09419155	0.07876772
34	0.1920747	0.1228869	0.1099195	0.08759381
35	0.40978	0.1634332	0.1128973	0.1007592
36	0.6599133	0.3516979	0.1404749	0.1102373
37	0.8507173	0.5987953	0.3241987	0.1332795
38	0.8138242	0.7749934	0.5247876	0.2622259
39	0.9433919	0.7998954	0.7614248	0.5132218
40	0.438688	0.4256663	0.3633802	0.3402912
41	0.3491251	0.3422206	0.3392969	0.3013867
42	0.3153459	0.2970401	0.2997882	0.3066049
43	0.3306065	0.3098696	0.291836	0.2956632
44	0.1624704	0.1095663	0.08389478	0.06039229
45	0.8249491	0.1603242	0.1075953	0.08310115
46	0.9222741	0.819321	0.1592912	0.1066322
47	0.8339817	0.8097115	0.7146275	0.1072914
48	0.6636497	0.6183907	0.6008515	0.5922843
49	0.1244953	0.1081298	0.05249363	0.04477004
50	0.05500362	0.03651422	0.02376585	0.01287453
51	0.110408	0.04178986	0.02703638	0.01686976
52	0.3815909	0.1100399	0.0417288	0.0269986
53	0.5492371	0.3275275	0.06228296	0.04135185
54	0.4859996	0.1771268	0.1020001	0.04863768
55	0.5870539	0.4793637	0.1743307	0.1010443
56	0.9269023	0.573974	0.4757098	0.1723189
57	0.9517713	0.91534	0.5693922	0.4730134
58	0.8547338	0.8091508	0.7898713	0.5281081
59	0.7346242	0.6115106	0.5667755	0.5584049
60	0.5291047	0.4870172	0.4655309	0.4281361
61	0.479042	0.4419138	0.4082362	0.405932
62	0.3694289	0.2780764	0.2489001	0.2266052
63	0.3335123	0.2971229	0.2401624	0.2126868
64	0.4526265	0.2649775	0.2369085	0.188363
65	0.3470161	0.3038896	0.2257447	0.1983486
66	0.4751854	0.2641892	0.2267532	0.1531447
67	0.6515679	0.4501882	0.2422821	0.2052233
68	0.5257654	0.3223299	0.2731775	0.1307804
69	0.1166619	0.1101459	0.06693823	0.05092419
70	0.3661184	0.1062923	0.101061	0.06093161
71	0.1266215	0.0588715	0.05708692	0.05419588
72	0.4110982	0.1223641	0.05469283	0.05364464
73	0.6103438	0.4150366	0.1237675	0.055452
74	0.4406891	0.4369954	0.3059183	0.08333127
75	0.4743201	0.376248	0.3734737	0.2907684
76	0.4517545	0.3993811	0.3025362	0.3012284
77	0.6795553	0.309658	0.2729517	0.2612454
78	0.6626498	0.6024603	0.2878969	0.2660817
79	0.7435298	0.6415108	0.5859769	0.2651397
80	0.6108936	0.5249979	0.4221723	0.3671881
81	0.673958	0.5817869	0.5059673	0.4019272
82	0.1920563	0.1834429	0.1564153	0.1057711
83	0.2127876	0.09357436	0.09165536	0.0712624
84	0.1419721	0.1390169	0.02426686	0.02295957
85	0.1681418	0.1309812	0.1296742	0.01294146
86	0.1336981	0.1314234	0.1228823	0.1225888
87	0.007654339	0.003295761	0.002129977	0.001862249
88	0.636212	0.005558149	0.001512808	0.0008225691
89	0.265629	0.06244383	0.005022189	0.001234616
90	0.2196873	0.2181808	0.04406379	0.004682297
91	0.9392334	0.169808	0.1686979	0.03506502
92	0.8373096	0.8073548	0.1456313	0.1448727
93	0.8077246	0.8042817	0.7968327	0.1210827
94	0.9883909	0.8057958	0.8032431	0.7964757
95	0.1132156	0.1042955	0.08229741	0.08085326
96	0.1058991	0.07985662	0.0735469	0.05868321
97	0.06935942	0.05113568	0.04609795	0.03981388
98	0.0528227	0.03995635	0.03154789	0.0288235
99	0.1556446	0.02282167	0.01744703	0.01513345
100	0.01716819	0.01636229	0.006030587	0.003612955
101	0.007711805	0.002112412	0.002047567	0.0005533554
102	0.0550291	0.002169224	0.0005864399	0.0005759387
103	0.8125892	0.01480204	0.001082863	0.0002328616
104	0.8980697	0.816514	0.01207301	0.00102678
105	0.9916802	0.9246639	0.8442102	0.01238322
106	0.9784932	0.9701328	0.9051249	0.8500772
107	0.1989425	0.1987935	0.1973115	0.1561535
108	0.1168693	0.1158568	0.1157889	0.1150117
109	0.1053418	0.0801276	0.07949169	0.07944376
110	0.05295738	0.05110561	0.03988341	0.03959592
111	0.003169149	0.001861758	0.001685462	0.001321964
112	0.1219238	0.00113512	0.0004323646	0.0003042666
113	0.9960461	0.0985215	0.0007956253	0.0002431146
114	0.2209566	0.2206472	0.07071858	0.0005737679
115	0.1726054	0.1499331	0.1497321	0.04251886
116	0.9820697	0.1319222	0.1095758	0.1093972
117	0.5555116	0.5482646	0.08134064	0.06019821
118	0.4877091	0.4737384	0.4672202	0.03378016
119	0.9487046	0.4653552	0.4521046	0.4457215
120	0.95549	0.9389986	0.4410522	0.4283009
121	0.9970419	0.9563402	0.938185	0.4120698
122	0.9913519	0.9886778	0.9556717	0.9351279
123	0.6483303	0.6435596	0.6418636	0.6196994
124	0.4708189	0.465603	0.4638083	0.4625749
125	0.3221725	0.27518	0.2725931	0.2715471
126	0.3331449	0.1603703	0.1375757	0.1362834
