#unpaired probabilities
 #i$	l=1	2	3	4	5	6	
1	0.9919758	NA	NA	NA	NA	NA
2	0.9823179	0.9841288	NA	NA	NA	NA
3	0.9987549	0.9814799	0.9836132	NA	NA	NA
4	0.999002	0.9979588	0.980331	0.9819131	NA	NA
5	0.992119	0.9902733	0.9865799	0.9657563	0.9641453	NA
6	0.9918671	0.9887935	0.9861932	0.9811989	0.9580128	0.9557125
7	0.8881219	0.8694116	0.8428693	0.8043516	0.7395748	0.5986533
8	0.6583955	0.6856082	0.7305381	0.7929946	0.7426204	0.658134
9	0.8021761	0.635164	0.6663066	0.7093161	0.7692366	0.7172324
10	0.9256779	0.7798446	0.6163841	0.6466669	0.6880065	0.7458707
11	0.1725131	0.147144	0.1387163	0.1023756	0.1156714	0.1344371
12	0.170912	0.1108278	0.08088002	0.06807704	0.02374629	0.02654741
13	0.2316293	0.1655748	0.1066972	0.07703997	0.06393472	0.01910105
14	0.2774183	0.2178984	0.1523108	0.09303314	0.06331606	0.06267452
15	0.8712093	0.172111	0.1390801	0.1025074	0.06376296	0.05902414
16	0.6246432	0.6125359	0.06235969	0.04423037	0.02390369	0.01214103
17	0.7078427	0.5641221	0.5830872	0.05815097	0.04115109	0.02206227
18	0.3479863	0.1208396	0.08332242	0.07535034	0.03343161	0.02360453
19	0.01347635	0.01186272	0.01128249	0.008803543	0.005079085	0.002782953
20	0.0706395	0.00659511	0.00617771	0.0061035	0.004246912	0.0007924485
21	0.1293285	0.06727442	0.003904626	0.003341672	0.003112513	0.001075693
22	0.1179617	0.0896376	0.06214915	0.001507606	0.000837674	0.0007344127
23	0.1583863	0.05614231	0.03135141	0.006726292	0.0006097829	0.0006114201
24	0.8323395	0.1151364	0.03012517	0.01629948	0.002762576	0.0004406101
25	0.612616	0.5692929	0.1114454	0.0295217	0.01588144	0.002521637
26	0.864509	0.6068691	0.5641703	0.1074101	0.02934894	0.01575554
27	0.367036	0.3132525	0.2322721	0.1754126	0.1045434	0.02861526
28	0.354584	0.2735576	0.2216316	0.1479335	0.1124679	0.04777255
29	0.6924074	0.3089768	0.237764	0.2015924	0.1383398	0.102744
30	0.6346982	0.6187688	0.2464447	0.2211532	0.1895798	0.1325993
31	0.3456496	0.2597088	0.237073	0.1914464	0.1730679	0.1450556
32	0.4933009	0.2715766	0.2273478	0.206514	0.1642645	0.1489468
33	0.1332279	0.1180174	0.09419155	0.07876772	0.07417925	0.06012716
34	0.1920747	0.1228869	0.1099195	0.08759381	0.07292628	0.06861909
35	0.40978	0.1634332	0.1128973	0.1007592	0.08117776	0.06735595
36	0.6599133	0.3516979	0.1404749	0.1102373	0.09878164	0.07997307
37	0.8507173	0.5987953	0.3241987	0.1332795	0.1066382	0.09661751
38	0.8138242	0.7749934	0.5247876	0.2622259	0.1195678	0.09779917
39	0.9433919	0.7998954	0.7614248	0.5132218	0.2590741	0.1180691
40	0.438688	0.4256663	0.3633802	0.3402912	0.1343778	0.1045628
41	0.3491251	0.3422206	0.3392969	0.3013867	0.2860533	0.08473639
42	0.3153459	0.2970401	0.2997882	0.3066049	0.2746337	0.2624052
43	0.3306065	0.3098696	0.291836	0.2956632	0.302808	0.2721564
44	0.1624704	0.1095663	0.08389478	0.06039229	0.05855352	0.05963073
45	0.8249491	0.1603242	0.1075953	0.08310115	0.05969444	0.05794021
46	0.9222741	0.819321	0.1592912	0.1066322	0.08218702	0.05880063
47	0.8339817	0.8097115	0.7146275	0.1072914	0.06444357	0.05186556
48	0.6636497	0.6183907	0.6008515	0.5922843	0.04041714	0.008797955
49	0.1244953	0.1081298	0.05249363	0.04477004	0.03349323	0.03289271
50	0.05500362	0.03651422	0.02376585	0.01287453	0.007195304	0.001311763
51	0.110408	0.04178986	0.02703638	0.01686976	0.008847453	0.004924837
52	0.3815909	0.1100399	0.0417288	0.0269986	0.01684704	0.00883334
53	0.5492371	0.3275275	0.06228296	0.04135185	0.02674621	0.01670342
54	0.4859996	0.1771268	0.1020001	0.04863768	0.03197582	0.02206772
55	0.5870539	0.4793637	0.1743307	0.1010443	0.04855413	0.03194326
56	0.9269023	0.573974	0.4757098	0.1723189	0.0995917	0.04841574
57	0.9517713	0.91534	0.5693922	0.4730134	0.1720119	0.0994218
58	0.8547338	0.8091508	0.7898713	0.5281081	0.4389015	0.1537257
59	0.7346242	0.6115106	0.5667755	0.5584049	0.3287822	0.2458533
60	0.5291047	0.4870172	0.4655309	0.4281361	0.4215485	0.2975068
61	0.479042	0.4419138	0.4082362	0.405932	0.4040556	0.401866
62	0.3694289	0.2780764	0.2489001	0.2266052	0.2253395	0.2240034
63	0.3335123	0.2971229	0.2401624	0.2126868	0.1924405	0.1914275
64	0.4526265	0.2649775	0.2369085	0.188363	0.1617908	0.1548279
65	0.3470161	0.3038896	0.2257447	0.1983486	0.1562027	0.1429811
66	0.4751854	0.2641892	0.2267532	0.1531447	0.1487701	0.1113104
67	0.6515679	0.4501882	0.2422821	0.2052233	0.1323405	0.1281598
68	0.5257654	0.3223299	0.2731775	0.1307804	0.1070235	0.04023301
69	0.1166619	0.1101459	0.06693823	0.05092419	0.03898696	0.02503496
70	0.3661184	0.1062923	0.101061	0.06093161	0.04591503	0.03524415
71	0.1266215	0.0588715	0.05708692	0.05419588	0.01385252	0.002307048
72	0.4110982	0.1223641	0.05469283	0.05364464	0.0533353	0.01243519
73	0.6103438	0.4150366	0.1237675	0.055452	0.05444847	0.05413839
74	0.4406891	0.4369954	0.3059183	0.08333127	0.01414901	0.0133667
75	0.4743201	0.376248	0.3734737	0.2907684	0.07288823	0.002518218
76	0.4517545	0.3993811	0.3025362	0.3012284	0.2260829	0.004636643
77	0.6795553	0.309658	0.2729517	0.2612454	0.2603701	0.1938686
78	0.6626498	0.6024603	0.2878969	0.2660817	0.2557261	0.2554237
79	0.7435298	0.6415108	0.5859769	0.2651397	0.2432304	0.2410219
80	0.6108936	0.5249979	0.4221723	0.3671881	0.05691666	0.03632505
81	0.673958	0.5817869	0.5059673	0.4019272	0.3506686	0.03366093
82	0.1920563	0.1834429	0.1564153	0.1057711	0.03075528	0.006625399
83	0.2127876	0.09357436	0.09165536	0.0712624	0.03606275	0.02299174
84	0.1419721	0.1390169	0.02426686	0.02295957	0.01777058	0.01105464
85	0.1681418	0.1309812	0.1296742	0.01294146	0.01173678	0.00903354
86	0.1336981	0.1314234	0.1228823	0.1225888	0.004019174	0.002929802
87	0.007654339	0.003295761	0.002129977	0.001862249	0.001784248	0.001743876
88	0.636212	0.005558149	0.001512808	0.0008225691	0.0006332539	0.000571587
89	0.265629	0.06244383	0.005022189	0.001234616	0.0006286729	0.0004587862
90	0.2196873	0.2181808	0.04406379	0.004682297	0.00114766	0.0005588563
91	0.9392334	0.169808	0.1686979	0.03506502	0.002933969	0.001004091
92	0.8373096	0.8073548	0.1456313	0.1448727	0.0296995	0.00101325
93	0.8077246	0.8042817	0.7968327	0.1210827	0.120321	0.02504909
94	0.9883909	0.8057958	0.8032431	0.7964757	0.101772	0.1009954
95	0.1132156	0.1042955	0.08229741	0.08085326	0.07688027	0.07430284
96	0.1058991	0.07985662	0.0735469	0.05868321	0.05798074	0.05526136
97	0.06935942	0.05113568	0.04609795	0.03981388	0.02915444	0.02867677
98	0.0528227	0.03995635	0.03154789	0.0288235	0.02245447	0.01651167
99	0.1556446	0.02282167	0.01744703	0.01513345	0.01353227	0.01342024
100	0.01716819	0.01636229	0.006030587	0.003612955	0.002525959	0.002277419
101	0.007711805	0.002112412	0.002047567	0.0005533554	0.0003438499	0.0002996726
102	0.0550291	0.002169224	0.0005864399	0.0005759387	0.0001666878	9.58205e-05
103	0.8125892	0.01480204	0.001082863	0.0002328616	0.0002246397	0.0001275434
104	0.8980697	0.816514	0.01207301	0.00102678	0.0002192549	0.0002114646
105	0.9916802	0.9246639	0.8442102	0.01238322	0.001057076	0.0002253184
106	0.9784932	0.9701328	0.9051249	0.8500772	0.01188238	0.001019411
107	0.1989425	0.1987935	0.1973115	0.1561535	0.1318342	0.007809495
108	0.1168693	0.1158568	0.1157889	0.1150117	0.08848722	0.07234387
109	0.1053418	0.0801276	0.07949169	0.07944376	0.07896178	0.06254605
110	0.05295738	0.05110561	0.03988341	0.03959592	0.03957436	0.03943066
111	0.003169149	0.001861758	0.001685462	0.001321964	0.001314888	0.001314
112	0.1219238	0.00113512	0.0004323646	0.0003042666	0.0001362425	0.0001336274
113	0.9960461	0.0985215	0.0007956253	0.0002431146	0.0001663847	6.532365e-05
114	0.2209566	0.2206472	0.07071858	0.0005737679	0.0001802876	0.0001244835
115	0.1726054	0.1499331	0.1497321	0.04251886	0.0003515428	0.0001142539
116	0.9820697	0.1319222	0.1095758	0.1093972	0.02349129	0.000201511
117	0.5555116	0.5482646	0.08134064	0.06019821	0.06004868	0.0003911333
118	0.4877091	0.4737384	0.4672202	0.03378016	0.01574968	0.0156313
119	0.9487046	0.4653552	0.4521046	0.4457215	0.02720505	0.0101184
120	0.95549	0.9389986	0.4410522	0.4283009	0.422086	0.02516131
121	0.9970419	0.9563402	0.938185	0.4120698	0.4000603	0.3938435
122	0.9913519	0.9886778	0.9556717	0.9351279	0.3878784	0.3766734
123	0.6483303	0.6435596	0.6418636	0.6196994	0.5955671	0.3293895
124	0.4708189	0.465603	0.4638083	0.4625749	0.4447848	0.4432802
125	0.3221725	0.27518	0.2725931	0.2715471	0.2708751	0.2604161
126	0.3331449	0.1603703	0.1375757	0.1362834	0.1357597	0.1355645
