#unpaired probabilities
 #i$	l=1	
1	0.9919758
2	0.9823179
3	0.9987549
4	0.999002
5	0.992119
6	0.9918671
7	0.8881219
8	0.6583955
9	0.8021761
10	0.9256779
11	0.1725131
12	0.170912
13	0.2316293
14	0.2774183
15	0.8712093
16	0.6246432
17	0.7078427
18	0.3479863
19	0.01347635
20	0.0706395
21	0.1293285
22	0.1179617
23	0.1583863
24	0.8323395
25	0.612616
26	0.864509
27	0.367036
28	0.354584
29	0.6924074
30	0.6346982
31	0.3456496
32	0.4933009
33	0.1332279
34	0.1920747
35	0.40978
36	0.6599133
37	0.8507173
38	0.8138242
39	0.9433919
40	0.438688
41	0.3491251
42	0.3153459
43	0.3306065
44	0.1624704
45	0.8249491
46	0.9222741
47	0.8339817
48	0.6636497
49	0.1244953
50	0.05500362
51	0.110408
52	0.3815909
53	0.5492371
54	0.4859996
55	0.5870539
56	0.9269023
57	0.9517713
58	0.8547338
59	0.7346242
60	0.5291047
61	0.479042
62	0.3694289
63	0.3335123
64	0.4526265
65	0.3470161
66	0.4751854
67	0.6515679
68	0.5257654
69	0.1166619
70	0.3661184
71	0.1266215
72	0.4110982
73	0.6103438
74	0.4406891
75	0.4743201
76	0.4517545
77	0.6795553
78	0.6626498
79	0.7435298
80	0.6108936
81	0.673958
82	0.1920563
83	0.2127876
84	0.1419721
85	0.1681418
86	0.1336981
87	0.007654339
88	0.636212
89	0.265629
90	0.2196873
91	0.9392334
92	0.8373096
93	0.8077246
94	0.9883909
95	0.1132156
96	0.1058991
97	0.06935942
98	0.0528227
99	0.1556446
100	0.01716819
101	0.007711805
102	0.0550291
103	0.8125892
104	0.8980697
105	0.9916802
106	0.9784932
107	0.1989425
108	0.1168693
109	0.1053418
110	0.05295738
111	0.003169149
112	0.1219238
113	0.9960461
114	0.2209566
115	0.1726054
116	0.9820697
117	0.5555116
118	0.4877091
119	0.9487046
120	0.95549
121	0.9970419
122	0.9913519
123	0.6483303
124	0.4708189
125	0.3221725
126	0.3331449
