#unpaired probabilities
 #i$	l=1	2	3	4	5	6	7	8	9	10	11	12	13	14	15	
1	0.9919758	NA	NA	NA	NA	NA	NA	NA	NA	NA	NA	NA	NA	NA	NA
2	0.9823179	0.9841288	NA	NA	NA	NA	NA	NA	NA	NA	NA	NA	NA	NA	NA
3	0.9987549	0.9814799	0.9836132	NA	NA	NA	NA	NA	NA	NA	NA	NA	NA	NA	NA
4	0.999002	0.9979588	0.980331	0.9819131	NA	NA	NA	NA	NA	NA	NA	NA	NA	NA	NA
5	0.992119	0.9902733	0.9865799	0.9657563	0.9641453	NA	NA	NA	NA	NA	NA	NA	NA	NA	NA
6	0.9918671	0.9887935	0.9861932	0.9811989	0.9580128	0.9557125	NA	NA	NA	NA	NA	NA	NA	NA	NA
7	0.8881219	0.8694116	0.8428693	0.8043516	0.7395748	0.5986533	0.3103813	NA	NA	NA	NA	NA	NA	NA	NA
8	0.6583955	0.6856082	0.7305381	0.7929946	0.7426204	0.658134	0.4778356	0.2825257	NA	NA	NA	NA	NA	NA	NA
9	0.8021761	0.635164	0.6663066	0.7093161	0.7692366	0.7172324	0.6245747	0.438586	0.237645	NA	NA	NA	NA	NA	NA
10	0.9256779	0.7798446	0.6163841	0.6466669	0.6880065	0.7458707	0.6937347	0.5933232	0.3923565	0.1535302	NA	NA	NA	NA	NA
11	0.1725131	0.147144	0.1387163	0.1023756	0.1156714	0.1344371	0.1606915	0.1991728	0.2632197	0.3912405	0.1526536	NA	NA	NA	NA
12	0.170912	0.1108278	0.08088002	0.06807704	0.02374629	0.02654741	0.03089922	0.03697331	0.04608565	0.061273	0.09157495	0.151947	NA	NA	NA
13	0.2316293	0.1655748	0.1066972	0.07703997	0.06393472	0.01910105	0.02125816	0.02473186	0.02957893	0.03685063	0.04897036	0.0731388	0.1179855	NA	NA
14	0.2774183	0.2178984	0.1523108	0.09303314	0.06331606	0.06267452	0.0177017	0.01988437	0.02313569	0.02767124	0.03448263	0.04583703	0.0684733	0.114476	NA
15	0.8712093	0.172111	0.1390801	0.1025074	0.06376296	0.05902414	0.05984297	0.01552057	0.01755524	0.02044886	0.02449561	0.03055911	0.04065728	0.06082959	0.1064188
16	0.6246432	0.6125359	0.06235969	0.04423037	0.02390369	0.01214103	0.01024016	0.007136356	0.007712107	0.008731478	0.01017413	0.01219339	0.0152155	0.02024412	0.03030614
17	0.7078427	0.5641221	0.5830872	0.05815097	0.04115109	0.02206227	0.01117971	0.009617907	0.006692664	0.007250003	0.008228638	0.009590322	0.01149649	0.01435195	0.01910292
18	0.3479863	0.1208396	0.08332242	0.07535034	0.03343161	0.02360453	0.01014868	0.00313004	0.002326846	0.001668532	0.001725473	0.00194991	0.002269603	0.002716635	0.003386227
19	0.01347635	0.01186272	0.01128249	0.008803543	0.005079085	0.002782953	0.001981916	0.0009331939	0.0002126154	9.464022e-05	7.086252e-05	7.437714e-05	8.422553e-05	9.815484e-05	0.0001176434
20	0.0706395	0.00659511	0.00617771	0.0061035	0.004246912	0.0007924485	0.0004791157	0.0003424939	0.0001669817	4.030506e-05	3.297213e-05	2.648113e-05	2.774675e-05	3.1233e-05	3.639163e-05
21	0.1293285	0.06727442	0.003904626	0.003341672	0.003112513	0.001075693	0.0007713595	0.0004603471	0.0003312994	0.0001617239	3.957114e-05	3.258145e-05	2.622775e-05	2.747703e-05	3.09273e-05
22	0.1179617	0.0896376	0.06214915	0.001507606	0.000837674	0.0007344127	0.0005920436	0.0003283771	0.0002741232	0.0001935196	8.773069e-05	7.226456e-06	3.738024e-06	1.923177e-06	7.734845e-07
23	0.1583863	0.05614231	0.03135141	0.006726292	0.0006097829	0.0006114201	0.0005519297	0.000432202	0.0002292797	0.0001856476	0.0001310101	5.925105e-05	5.110041e-06	2.188712e-06	9.954946e-07
24	0.8323395	0.1151364	0.03012517	0.01629948	0.002762576	0.0004406101	0.0004484708	0.0004536252	0.0003435816	0.0001512581	0.0001169163	8.260404e-05	3.775068e-05	3.51078e-06	9.821175e-07
25	0.612616	0.5692929	0.1114454	0.0295217	0.01588144	0.002521637	0.0002343414	0.0002314583	0.0002259543	0.0001953412	0.0001509411	0.0001166519	8.241884e-05	3.766535e-05	3.502471e-06
26	0.864509	0.6068691	0.5641703	0.1074101	0.02934894	0.01575554	0.002468143	0.000190149	0.0001848625	0.0001770203	0.0001586929	0.0001343574	0.0001165692	8.23573e-05	3.763131e-05
27	0.367036	0.3132525	0.2322721	0.1754126	0.1045434	0.02861526	0.01544091	0.002422603	0.0001887412	0.0001836876	0.0001761416	0.0001580206	0.0001338203	0.0001161422	8.216313e-05
28	0.354584	0.2735576	0.2216316	0.1479335	0.1124679	0.04777255	0.02845746	0.01535026	0.002387108	0.0001757252	0.0001700039	0.0001618234	0.0001470755	0.0001288022	0.0001159969
29	0.6924074	0.3089768	0.237764	0.2015924	0.1383398	0.102744	0.04712766	0.0279927	0.01526936	0.00236597	0.000165174	0.000158945	0.0001501593	0.0001359611	0.0001190782
30	0.6346982	0.6187688	0.2464447	0.2211532	0.1895798	0.1325993	0.0986713	0.04681881	0.02785805	0.01519306	0.002355347	0.0001637602	0.0001575072	0.0001487734	0.0001348739
31	0.3456496	0.2597088	0.237073	0.1914464	0.1730679	0.1450556	0.107384	0.07782532	0.04535081	0.02716073	0.01474906	0.002173831	4.415384e-05	3.159829e-05	1.664664e-05
32	0.4933009	0.2715766	0.2273478	0.206514	0.1642645	0.1489468	0.1244923	0.09261757	0.06995842	0.04278604	0.02598736	0.01453022	0.002142909	4.2115e-05	2.964906e-05
33	0.1332279	0.1180174	0.09419155	0.07876772	0.07417925	0.06012716	0.05444488	0.04206304	0.02735664	0.02293442	0.008369143	0.00481998	0.002671123	0.0003817742	8.692028e-06
34	0.1920747	0.1228869	0.1099195	0.08759381	0.07292628	0.06861909	0.05501568	0.04964025	0.03955554	0.02564743	0.02146563	0.007829853	0.004523917	0.00250692	0.0003576845
35	0.40978	0.1634332	0.1128973	0.1007592	0.08117776	0.06735595	0.06353719	0.05051033	0.04564904	0.03628727	0.02333463	0.0198411	0.006689714	0.003898987	0.002159451
36	0.6599133	0.3516979	0.1404749	0.1102373	0.09878164	0.07997307	0.06631155	0.0625694	0.0496354	0.04483928	0.03558378	0.02278902	0.01944422	0.006510843	0.003793232
37	0.8507173	0.5987953	0.3241987	0.1332795	0.1066382	0.09661751	0.07880792	0.06532247	0.06167549	0.04884602	0.04415579	0.0349983	0.022346	0.01911523	0.006349356
38	0.8138242	0.7749934	0.5247876	0.2622259	0.1195678	0.09779917	0.08875443	0.07308528	0.06014459	0.05701673	0.04473097	0.04064512	0.03209588	0.02031603	0.01755675
39	0.9433919	0.7998954	0.7614248	0.5132218	0.2590741	0.1180691	0.09652677	0.08755415	0.07215412	0.05929077	0.05624476	0.04403721	0.0400695	0.03163033	0.02000282
40	0.438688	0.4256663	0.3633802	0.3402912	0.1343778	0.1045628	0.03023173	0.01844612	0.01536271	0.01051778	0.008892733	0.007809245	0.006192244	0.005009082	0.004219079
41	0.3491251	0.3422206	0.3392969	0.3013867	0.2860533	0.08473639	0.07142844	0.01252259	0.004105636	0.002449745	0.001326044	0.001141471	0.0009494086	0.0007080496	0.0005173803
42	0.3153459	0.2970401	0.2997882	0.3066049	0.2746337	0.2624052	0.06359194	0.06146371	0.007826982	0.0009618112	0.0005854317	0.0003982424	0.0003890208	0.000293487	0.0001772648
43	0.3306065	0.3098696	0.291836	0.2956632	0.302808	0.2721564	0.2604085	0.0618059	0.06037653	0.007360009	0.0007048552	0.0004671169	0.0003556534	0.0003537674	0.0002607039
44	0.1624704	0.1095663	0.08389478	0.06039229	0.05855352	0.05963073	0.06005054	0.05945495	0.06094336	0.06034088	0.00733636	0.0006831216	0.0004490827	0.0003393847	0.0003376169
45	0.8249491	0.1603242	0.1075953	0.08310115	0.05969444	0.05794021	0.05900685	0.05942576	0.05881855	0.06029349	0.06019249	0.007313796	0.0006712559	0.0004383454	0.0003314655
46	0.9222741	0.819321	0.1592912	0.1066322	0.08218702	0.05880063	0.05706522	0.05811022	0.05850841	0.05787746	0.05932694	0.0601372	0.007303672	0.0006618644	0.0004289409
47	0.8339817	0.8097115	0.7146275	0.1072914	0.06444357	0.05186556	0.05298411	0.05423961	0.05557349	0.05686793	0.05651853	0.05806809	0.05956518	0.006942828	0.0003541371
48	0.6636497	0.6183907	0.6008515	0.5922843	0.04041714	0.008797955	0.007358099	0.007515045	0.007663052	0.007822331	0.007952044	0.006353935	0.006512763	0.006678277	0.006858534
49	0.1244953	0.1081298	0.05249363	0.04477004	0.03349323	0.03289271	0.002323833	0.001955979	0.00199157	0.002004484	0.002047572	0.002032458	0.0002765572	0.0002669022	0.0002586303
50	0.05500362	0.03651422	0.02376585	0.01287453	0.007195304	0.001311763	0.0006584828	0.0003910359	0.0001087342	0.0001007123	7.616594e-05	7.108331e-05	6.061769e-05	5.584392e-05	4.681784e-05
51	0.110408	0.04178986	0.02703638	0.01686976	0.008847453	0.004924837	0.0008665559	0.0004311866	0.0002543139	9.050848e-05	8.279787e-05	6.373324e-05	5.905601e-05	4.993341e-05	4.542305e-05
52	0.3815909	0.1100399	0.0417288	0.0269986	0.01684704	0.00883334	0.004916332	0.0008640324	0.0004296277	0.0002533763	9.012789e-05	8.247961e-05	6.349561e-05	5.883355e-05	4.974435e-05
53	0.5492371	0.3275275	0.06228296	0.04135185	0.02674621	0.01670342	0.008768029	0.004877621	0.0008533209	0.000422223	0.0002482841	8.636162e-05	7.881655e-05	5.981527e-05	5.50731e-05
54	0.4859996	0.1771268	0.1020001	0.04863768	0.03197582	0.02206772	0.01292381	0.007874873	0.00434838	0.000720028	0.0003477384	0.0002005355	5.820137e-05	5.05675e-05	3.803546e-05
55	0.5870539	0.4793637	0.1743307	0.1010443	0.04855413	0.03194326	0.02204257	0.01290655	0.007863375	0.004344183	0.0007187591	0.0003472847	0.0002002174	5.798134e-05	5.034777e-05
56	0.9269023	0.573974	0.4757098	0.1723189	0.0995917	0.04841574	0.03187123	0.02198724	0.01286783	0.007841778	0.004332102	0.0007165011	0.0003461957	0.0001995902	5.773774e-05
57	0.9517713	0.91534	0.5693922	0.4730134	0.1720119	0.0994218	0.04840191	0.03186322	0.02198144	0.01286408	0.007839906	0.004330963	0.0007161342	0.0003459888	0.0001994612
58	0.8547338	0.8091508	0.7898713	0.5281081	0.4389015	0.1537257	0.08574309	0.04560325	0.03026905	0.02087637	0.01221907	0.007476022	0.004129745	0.0006832638	0.0003301687
59	0.7346242	0.6115106	0.5667755	0.5584049	0.3287822	0.2458533	0.1334352	0.07864864	0.04221967	0.02768965	0.01904348	0.01091884	0.006689701	0.003692158	0.0006087703
60	0.5291047	0.4870172	0.4655309	0.4281361	0.4215485	0.2975068	0.2189088	0.1233792	0.06951975	0.04204792	0.02758885	0.01895044	0.01083227	0.006652846	0.003659969
61	0.479042	0.4419138	0.4082362	0.405932	0.4040556	0.401866	0.2808657	0.2101111	0.1195245	0.06782641	0.04139447	0.02747152	0.01887624	0.01079835	0.006627271
62	0.3694289	0.2780764	0.2489001	0.2266052	0.2253395	0.2240034	0.2248675	0.2171827	0.1524729	0.100686	0.06440635	0.0410915	0.02726988	0.01869773	0.01062412
63	0.3335123	0.2971229	0.2401624	0.2126868	0.1924405	0.1914275	0.1906531	0.1910923	0.1832572	0.1329077	0.08907408	0.05622649	0.04077411	0.02717504	0.01863107
64	0.4526265	0.2649775	0.2369085	0.188363	0.1617908	0.1548279	0.1539024	0.1531587	0.1529546	0.1445316	0.1293518	0.08751224	0.05551433	0.04051811	0.02704474
65	0.3470161	0.3038896	0.2257447	0.1983486	0.1562027	0.1429811	0.1362972	0.1354994	0.1348921	0.1344218	0.1258917	0.1115369	0.07804958	0.05472151	0.04034756
66	0.4751854	0.2641892	0.2267532	0.1531447	0.1487701	0.1113104	0.09842946	0.09554854	0.09488312	0.09429705	0.09404135	0.08762318	0.07936	0.05312076	0.03612842
67	0.6515679	0.4501882	0.2422821	0.2052233	0.1323405	0.1281598	0.09175638	0.0897522	0.08714308	0.08676193	0.08638408	0.0860968	0.08015618	0.07230059	0.05222987
68	0.5257654	0.3223299	0.2731775	0.1307804	0.1070235	0.04023301	0.03979222	0.0225802	0.02157121	0.02104522	0.02092757	0.02061858	0.02052698	0.02007923	0.01936662
69	0.1166619	0.1101459	0.06693823	0.05092419	0.03898696	0.02503496	0.02363729	0.02333372	0.01064998	0.00987668	0.009439363	0.009339624	0.009036755	0.008931111	0.00874241
70	0.3661184	0.1062923	0.101061	0.06093161	0.04591503	0.03524415	0.02151669	0.02031383	0.02023206	0.007920727	0.007166073	0.00673678	0.006647973	0.006347541	0.006195509
71	0.1266215	0.0588715	0.05708692	0.05419588	0.01385252	0.002307048	0.001288292	0.0007745586	0.0006874887	0.0006835858	0.0004627201	0.0004509507	0.0004392488	0.0004367047	0.0003836022
72	0.4110982	0.1223641	0.05469283	0.05364464	0.0533353	0.01243519	0.001077433	0.0008004088	0.0004013807	0.0003524591	0.000348952	0.000269861	0.0002632172	0.0002584684	0.0002570533
73	0.6103438	0.4150366	0.1237675	0.055452	0.05444847	0.05413839	0.01256295	0.001011508	0.0007453689	0.000341216	0.0002940467	0.0002905064	0.0002163459	0.0002099778	0.000205301
74	0.4406891	0.4369954	0.3059183	0.08333127	0.01414901	0.0133667	0.01305695	0.01270157	0.0009396739	0.0006884867	0.0002794268	0.0002331254	0.0002323191	0.0001626296	0.0001565026
75	0.4743201	0.376248	0.3734737	0.2907684	0.07288823	0.002518218	0.001737743	0.001514979	0.00115766	0.0008740807	0.0006356334	0.0002253201	0.0001824875	0.0001817451	0.0001205291
76	0.4517545	0.3993811	0.3025362	0.3012284	0.2260829	0.004636643	0.002544558	0.001749545	0.00152349	0.001159289	0.0008726488	0.0006397887	0.0002220923	0.0001791461	0.0001784004
77	0.6795553	0.309658	0.2729517	0.2612454	0.2603701	0.1938686	0.004015327	0.001926442	0.00176148	0.001531602	0.00116013	0.0008703788	0.0006404363	0.0002155116	0.0001737533
78	0.6626498	0.6024603	0.2878969	0.2660817	0.2557261	0.2554237	0.1959526	0.003625919	0.001510078	0.001342925	0.001124208	0.0007457595	0.000458063	0.0002280883	0.0001951821
79	0.7435298	0.6415108	0.5859769	0.2651397	0.2432304	0.2410219	0.2408084	0.1995284	0.003414363	0.001294327	0.001124341	0.001101105	0.0007148081	0.0004228115	0.0001926425
80	0.6108936	0.5249979	0.4221723	0.3671881	0.05691666	0.03632505	0.03460667	0.03443557	0.01246981	0.003478637	0.001314559	0.001142918	0.001119346	0.0007248973	0.0004276684
81	0.673958	0.5817869	0.5059673	0.4019272	0.3506686	0.03366093	0.01386335	0.01221991	0.01204703	0.01050053	0.001474062	0.00134007	0.001164814	0.001140812	0.0007377916
82	0.1920563	0.1834429	0.1564153	0.1057711	0.03075528	0.006625399	0.005706587	0.003605981	0.003021757	0.002960402	0.002271751	0.00108197	0.0009972624	0.0009825811	0.0009651093
83	0.2127876	0.09357436	0.09165536	0.0712624	0.03606275	0.02299174	0.004086192	0.003769847	0.002305985	0.001846732	0.001803911	0.001297242	0.0004676177	0.0004399832	0.0004317389
84	0.1419721	0.1390169	0.02426686	0.02295957	0.01777058	0.01105464	0.005000105	0.001274836	0.001215747	0.0007652439	0.0006543789	0.0006354776	0.0004864374	0.0002191312	0.000204357
85	0.1681418	0.1309812	0.1296742	0.01294146	0.01173678	0.00903354	0.006050098	0.002093627	0.000625786	0.0005996372	0.0004185752	0.0003801994	0.0003699913	0.0003022273	0.0001416715
86	0.1336981	0.1314234	0.1228823	0.1225888	0.004019174	0.002929802	0.00217535	0.001550666	0.0003774011	0.0001757695	0.0001705709	0.000143209	0.0001377933	0.000136327	0.0001220438
87	0.007654339	0.003295761	0.002129977	0.001862249	0.001784248	0.001743876	0.0006467708	0.0004524536	0.0002220285	0.0001108258	6.950172e-05	6.89258e-05	6.786573e-05	6.744796e-05	6.734207e-05
88	0.636212	0.005558149	0.001512808	0.0008225691	0.0006332539	0.000571587	0.0005528106	0.0005511048	0.0003635499	0.0001384329	4.733879e-05	7.51457e-06	7.019124e-06	6.377866e-06	6.006454e-06
89	0.265629	0.06244383	0.005022189	0.001234616	0.0006286729	0.0004587862	0.000398706	0.0003810253	0.0003796801	0.0003540272	0.0001371011	4.463194e-05	4.592609e-06	4.098149e-06	3.510252e-06
90	0.2196873	0.2181808	0.04406379	0.004682297	0.00114766	0.0005588563	0.0003964229	0.0003352464	0.0003224564	0.0003212613	0.0002969723	0.0001177389	4.185932e-05	2.470929e-06	2.021485e-06
91	0.9392334	0.169808	0.1686979	0.03506502	0.002933969	0.001004091	0.0004911153	0.0003425987	0.0002806072	0.0002731738	0.000272634	0.0002544476	9.385698e-05	3.353831e-05	1.723996e-06
92	0.8373096	0.8073548	0.1456313	0.1448727	0.0296995	0.00101325	0.0008285377	0.0003950214	0.0002710412	0.000207688	0.0002031994	0.000203093	0.0001867906	4.357741e-05	2.574476e-05
93	0.8077246	0.8042817	0.7968327	0.1210827	0.120321	0.02504909	0.0007894747	0.0006494964	0.0003296557	0.0002258141	0.0001609128	0.0001575362	0.0001574624	0.000143378	1.595112e-05
94	0.9883909	0.8057958	0.8032431	0.7964757	0.101772	0.1009954	0.02342645	0.0005354231	0.0004136282	0.0002135591	0.0001308807	0.0001297948	0.0001273	0.0001272383	0.0001153335
95	0.1132156	0.1042955	0.08229741	0.08085326	0.07688027	0.07430284	0.07352465	0.02181289	0.0002478259	0.0001457121	0.0001437327	9.68399e-05	9.608248e-05	9.472562e-05	9.468185e-05
96	0.1058991	0.07985662	0.0735469	0.05868321	0.05798074	0.05526136	0.05444764	0.05443146	0.02047163	0.0001610158	7.762081e-05	7.703155e-05	6.546582e-05	6.502006e-05	6.40951e-05
97	0.06935942	0.05113568	0.04609795	0.03981388	0.02915444	0.02867677	0.02677911	0.02620234	0.02619094	0.002570555	0.0001256098	5.123874e-05	5.075112e-05	4.468781e-05	4.443656e-05
98	0.0528227	0.03995635	0.03154789	0.0288235	0.02245447	0.01651167	0.01620761	0.01519512	0.01481952	0.01481279	0.00142478	3.824618e-05	2.468876e-05	2.430036e-05	2.384069e-05
99	0.1556446	0.02282167	0.01744703	0.01513345	0.01353227	0.01342024	0.009773792	0.009567536	0.008973011	0.008736923	0.008733344	0.0008395919	2.096656e-05	1.294481e-05	1.286074e-05
100	0.01716819	0.01636229	0.006030587	0.003612955	0.002525959	0.002277419	0.002235567	0.002073251	0.001968026	0.001918495	0.001805371	0.001804682	0.0001711946	2.459162e-06	7.632461e-07
101	0.007711805	0.002112412	0.002047567	0.0005533554	0.0003438499	0.0002996726	0.0002691585	0.0002611382	0.0002290273	0.0002226405	0.0002120485	0.0002052197	0.0002051846	1.941737e-05	2.15102e-07
102	0.0550291	0.002169224	0.0005864399	0.0005759387	0.0001666878	9.58205e-05	8.515514e-05	6.451913e-05	6.193301e-05	6.071269e-05	5.788022e-05	5.721198e-05	5.436835e-05	5.435107e-05	5.152385e-06
103	0.8125892	0.01480204	0.001082863	0.0002328616	0.0002246397	0.0001275434	6.827312e-05	6.125772e-05	4.260918e-05	4.01588e-05	3.901747e-05	3.679655e-05	3.618171e-05	3.37813e-05	3.376544e-05
104	0.8980697	0.816514	0.01207301	0.00102678	0.0002192549	0.0002114646	0.0001210923	6.521867e-05	5.869018e-05	3.962044e-05	3.728573e-05	3.619168e-05	3.408862e-05	3.352244e-05	3.124589e-05
105	0.9916802	0.9246639	0.8442102	0.01238322	0.001057076	0.0002253184	0.0002173855	0.0001246546	6.717253e-05	6.059401e-05	4.069301e-05	3.82868e-05	3.715837e-05	3.49935e-05	3.441285e-05
106	0.9784932	0.9701328	0.9051249	0.8500772	0.01188238	0.001019411	0.0002156825	0.0002081866	0.0001201315	6.555893e-05	5.934914e-05	3.867923e-05	3.624575e-05	3.515614e-05	3.309743e-05
107	0.1989425	0.1987935	0.1973115	0.1561535	0.1318342	0.007809495	0.0006325183	0.0001750467	0.0001700772	0.0001002727	5.609031e-05	5.106361e-05	2.976234e-05	2.883486e-05	2.83122e-05
108	0.1168693	0.1158568	0.1157889	0.1150117	0.08848722	0.07234387	0.005409114	0.0004561308	0.0001299135	0.0001263931	7.722974e-05	4.628262e-05	4.271054e-05	2.080564e-05	2.007027e-05
109	0.1053418	0.0801276	0.07949169	0.07944376	0.07896178	0.06254605	0.0512648	0.003609072	0.0003251235	9.49307e-05	9.253494e-05	5.961647e-05	3.89918e-05	3.661364e-05	1.382987e-05
110	0.05295738	0.05110561	0.03988341	0.03959592	0.03957436	0.03943066	0.03427418	0.02830492	0.00164425	0.0001820169	5.700695e-05	5.57631e-05	4.056366e-05	3.115306e-05	3.000583e-05
111	0.003169149	0.001861758	0.001685462	0.001321964	0.001314888	0.001314	0.001308198	0.001074821	0.001007943	4.438208e-05	2.891068e-05	2.591495e-05	2.589998e-05	2.546074e-05	2.524032e-05
112	0.1219238	0.00113512	0.0004323646	0.0003042666	0.0001362425	0.0001336274	0.0001334669	0.0001326842	0.0001160625	0.0001119316	3.580228e-06	1.15905e-06	7.746562e-07	7.721575e-07	4.995547e-07
113	0.9960461	0.0985215	0.0007956253	0.0002431146	0.0001663847	6.532365e-05	6.41367e-05	6.408288e-05	6.376663e-05	5.884397e-05	5.559871e-05	2.363441e-06	6.048744e-07	3.872467e-07	3.853738e-07
114	0.2209566	0.2206472	0.07071858	0.0005737679	0.0001802876	0.0001244835	5.056566e-05	4.969256e-05	4.965152e-05	4.941714e-05	4.496444e-05	4.217322e-05	2.064946e-06	4.608729e-07	2.923798e-07
115	0.1726054	0.1499331	0.1497321	0.04251886	0.0003515428	0.0001142539	8.060136e-05	3.467978e-05	3.41243e-05	3.409596e-05	3.394336e-05	3.054313e-05	2.809417e-05	1.529231e-06	3.315827e-07
116	0.9820697	0.1319222	0.1095758	0.1093972	0.02349129	0.000201511	7.063383e-05	5.195361e-05	2.498481e-05	2.462768e-05	2.460759e-05	2.450579e-05	2.134422e-05	1.911205e-05	1.350907e-06
117	0.5555116	0.5482646	0.08134064	0.06019821	0.06004868	0.0003911333	2.199148e-05	1.911588e-05	1.869263e-05	1.400562e-05	1.387193e-05	1.386327e-05	1.382214e-05	1.079609e-05	8.583154e-06
118	0.4877091	0.4737384	0.4672202	0.03378016	0.01574968	0.0156313	0.0002337811	2.023639e-05	1.825604e-05	1.79572e-05	1.347566e-05	1.334573e-05	1.33371e-05	1.329709e-05	1.037395e-05
119	0.9487046	0.4653552	0.4521046	0.4457215	0.02720505	0.0101184	0.0100082	0.0002149402	1.986987e-05	1.802536e-05	1.773888e-05	1.327945e-05	1.314917e-05	1.314027e-05	1.310048e-05
120	0.95549	0.9389986	0.4410522	0.4283009	0.422086	0.02516131	0.009437458	0.009336798	0.000216388	1.966132e-05	1.779108e-05	1.749854e-05	1.30721e-05	1.294128e-05	1.293286e-05
121	0.9970419	0.9563402	0.938185	0.4120698	0.4000603	0.3938435	0.02343774	0.008861815	0.008768731	0.0002125197	1.890458e-05	1.706108e-05	1.676654e-05	1.259346e-05	1.247632e-05
122	0.9913519	0.9886778	0.9556717	0.9351279	0.3878784	0.3766734	0.3703111	0.02188622	0.008304224	0.008218472	0.0001990285	1.702045e-05	1.52889e-05	1.500305e-05	1.139152e-05
123	0.6483303	0.6435596	0.6418636	0.6196994	0.5955671	0.3293895	0.3213596	0.3155617	0.01886895	0.007032163	0.006958082	0.000178429	1.414217e-05	1.259338e-05	1.237676e-05
124	0.4708189	0.465603	0.4638083	0.4625749	0.4447848	0.4432802	0.2532197	0.2470972	0.2446333	0.01440403	0.005375102	0.005318865	0.0001410273	9.035326e-06	7.80707e-06
125	0.3221725	0.27518	0.2725931	0.2715471	0.2708751	0.2604161	0.2595313	0.1486005	0.1450062	0.1435585	0.008457397	0.00315358	0.003120557	8.290291e-05	5.30113e-06
126	0.3331449	0.1603703	0.1375757	0.1362834	0.1357597	0.1355645	0.1303229	0.1298796	0.07433003	0.07252913	0.07180483	0.004230175	0.001577148	0.001560628	4.151953e-05
