#unpaired probabilities
 #i$	l=1	2	3	
1	0.9919758	NA	NA
2	0.9823179	0.9841288	NA
3	0.9987549	0.9814799	0.9836132
4	0.999002	0.9979588	0.980331
5	0.992119	0.9902733	0.9865799
6	0.9918671	0.9887935	0.9861932
7	0.8881219	0.8694116	0.8428693
8	0.6583955	0.6856082	0.7305381
9	0.8021761	0.635164	0.6663066
10	0.9256779	0.7798446	0.6163841
11	0.1725131	0.147144	0.1387163
12	0.170912	0.1108278	0.08088002
13	0.2316293	0.1655748	0.1066972
14	0.2774183	0.2178984	0.1523108
15	0.8712093	0.172111	0.1390801
16	0.6246432	0.6125359	0.06235969
17	0.7078427	0.5641221	0.5830872
18	0.3479863	0.1208396	0.08332242
19	0.01347635	0.01186272	0.01128249
20	0.0706395	0.00659511	0.00617771
21	0.1293285	0.06727442	0.003904626
22	0.1179617	0.0896376	0.06214915
23	0.1583863	0.05614231	0.03135141
24	0.8323395	0.1151364	0.03012517
25	0.612616	0.5692929	0.1114454
26	0.864509	0.6068691	0.5641703
27	0.367036	0.3132525	0.2322721
28	0.354584	0.2735576	0.2216316
29	0.6924074	0.3089768	0.237764
30	0.6346982	0.6187688	0.2464447
31	0.3456496	0.2597088	0.237073
32	0.4933009	0.2715766	0.2273478
33	0.1332279	0.1180174	0.09419155
34	0.1920747	0.1228869	0.1099195
35	0.40978	0.1634332	0.1128973
36	0.6599133	0.3516979	0.1404749
37	0.8507173	0.5987953	0.3241987
38	0.8138242	0.7749934	0.5247876
39	0.9433919	0.7998954	0.7614248
40	0.438688	0.4256663	0.3633802
41	0.3491251	0.3422206	0.3392969
42	0.3153459	0.2970401	0.2997882
43	0.3306065	0.3098696	0.291836
44	0.1624704	0.1095663	0.08389478
45	0.8249491	0.1603242	0.1075953
46	0.9222741	0.819321	0.1592912
47	0.8339817	0.8097115	0.7146275
48	0.6636497	0.6183907	0.6008515
49	0.1244953	0.1081298	0.05249363
50	0.05500362	0.03651422	0.02376585
51	0.110408	0.04178986	0.02703638
52	0.3815909	0.1100399	0.0417288
53	0.5492371	0.3275275	0.06228296
54	0.4859996	0.1771268	0.1020001
55	0.5870539	0.4793637	0.1743307
56	0.9269023	0.573974	0.4757098
57	0.9517713	0.91534	0.5693922
58	0.8547338	0.8091508	0.7898713
59	0.7346242	0.6115106	0.5667755
60	0.5291047	0.4870172	0.4655309
61	0.479042	0.4419138	0.4082362
62	0.3694289	0.2780764	0.2489001
63	0.3335123	0.2971229	0.2401624
64	0.4526265	0.2649775	0.2369085
65	0.3470161	0.3038896	0.2257447
66	0.4751854	0.2641892	0.2267532
67	0.6515679	0.4501882	0.2422821
68	0.5257654	0.3223299	0.2731775
69	0.1166619	0.1101459	0.06693823
70	0.3661184	0.1062923	0.101061
71	0.1266215	0.0588715	0.05708692
72	0.4110982	0.1223641	0.05469283
73	0.6103438	0.4150366	0.1237675
74	0.4406891	0.4369954	0.3059183
75	0.4743201	0.376248	0.3734737
76	0.4517545	0.3993811	0.3025362
77	0.6795553	0.309658	0.2729517
78	0.6626498	0.6024603	0.2878969
79	0.7435298	0.6415108	0.5859769
80	0.6108936	0.5249979	0.4221723
81	0.673958	0.5817869	0.5059673
82	0.1920563	0.1834429	0.1564153
83	0.2127876	0.09357436	0.09165536
84	0.1419721	0.1390169	0.02426686
85	0.1681418	0.1309812	0.1296742
86	0.1336981	0.1314234	0.1228823
87	0.007654339	0.003295761	0.002129977
88	0.636212	0.005558149	0.001512808
89	0.265629	0.06244383	0.005022189
90	0.2196873	0.2181808	0.04406379
91	0.9392334	0.169808	0.1686979
92	0.8373096	0.8073548	0.1456313
93	0.8077246	0.8042817	0.7968327
94	0.9883909	0.8057958	0.8032431
95	0.1132156	0.1042955	0.08229741
96	0.1058991	0.07985662	0.0735469
97	0.06935942	0.05113568	0.04609795
98	0.0528227	0.03995635	0.03154789
99	0.1556446	0.02282167	0.01744703
100	0.01716819	0.01636229	0.006030587
101	0.007711805	0.002112412	0.002047567
102	0.0550291	0.002169224	0.0005864399
103	0.8125892	0.01480204	0.001082863
104	0.8980697	0.816514	0.01207301
105	0.9916802	0.9246639	0.8442102
106	0.9784932	0.9701328	0.9051249
107	0.1989425	0.1987935	0.1973115
108	0.1168693	0.1158568	0.1157889
109	0.1053418	0.0801276	0.07949169
110	0.05295738	0.05110561	0.03988341
111	0.003169149	0.001861758	0.001685462
112	0.1219238	0.00113512	0.0004323646
113	0.9960461	0.0985215	0.0007956253
114	0.2209566	0.2206472	0.07071858
115	0.1726054	0.1499331	0.1497321
116	0.9820697	0.1319222	0.1095758
117	0.5555116	0.5482646	0.08134064
118	0.4877091	0.4737384	0.4672202
119	0.9487046	0.4653552	0.4521046
120	0.95549	0.9389986	0.4410522
121	0.9970419	0.9563402	0.938185
122	0.9913519	0.9886778	0.9556717
123	0.6483303	0.6435596	0.6418636
124	0.4708189	0.465603	0.4638083
125	0.3221725	0.27518	0.2725931
126	0.3331449	0.1603703	0.1375757
