#unpaired probabilities
 #i$	l=1	2	
1	0.9919758	NA
2	0.9823179	0.9841288
3	0.9987549	0.9814799
4	0.999002	0.9979588
5	0.992119	0.9902733
6	0.9918671	0.9887935
7	0.8881219	0.8694116
8	0.6583955	0.6856082
9	0.8021761	0.635164
10	0.9256779	0.7798446
11	0.1725131	0.147144
12	0.170912	0.1108278
13	0.2316293	0.1655748
14	0.2774183	0.2178984
15	0.8712093	0.172111
16	0.6246432	0.6125359
17	0.7078427	0.5641221
18	0.3479863	0.1208396
19	0.01347635	0.01186272
20	0.0706395	0.00659511
21	0.1293285	0.06727442
22	0.1179617	0.0896376
23	0.1583863	0.05614231
24	0.8323395	0.1151364
25	0.612616	0.5692929
26	0.864509	0.6068691
27	0.367036	0.3132525
28	0.354584	0.2735576
29	0.6924074	0.3089768
30	0.6346982	0.6187688
31	0.3456496	0.2597088
32	0.4933009	0.2715766
33	0.1332279	0.1180174
34	0.1920747	0.1228869
35	0.40978	0.1634332
36	0.6599133	0.3516979
37	0.8507173	0.5987953
38	0.8138242	0.7749934
39	0.9433919	0.7998954
40	0.438688	0.4256663
41	0.3491251	0.3422206
42	0.3153459	0.2970401
43	0.3306065	0.3098696
44	0.1624704	0.1095663
45	0.8249491	0.1603242
46	0.9222741	0.819321
47	0.8339817	0.8097115
48	0.6636497	0.6183907
49	0.1244953	0.1081298
50	0.05500362	0.03651422
51	0.110408	0.04178986
52	0.3815909	0.1100399
53	0.5492371	0.3275275
54	0.4859996	0.1771268
55	0.5870539	0.4793637
56	0.9269023	0.573974
57	0.9517713	0.91534
58	0.8547338	0.8091508
59	0.7346242	0.6115106
60	0.5291047	0.4870172
61	0.479042	0.4419138
62	0.3694289	0.2780764
63	0.3335123	0.2971229
64	0.4526265	0.2649775
65	0.3470161	0.3038896
66	0.4751854	0.2641892
67	0.6515679	0.4501882
68	0.5257654	0.3223299
69	0.1166619	0.1101459
70	0.3661184	0.1062923
71	0.1266215	0.0588715
72	0.4110982	0.1223641
73	0.6103438	0.4150366
74	0.4406891	0.4369954
75	0.4743201	0.376248
76	0.4517545	0.3993811
77	0.6795553	0.309658
78	0.6626498	0.6024603
79	0.7435298	0.6415108
80	0.6108936	0.5249979
81	0.673958	0.5817869
82	0.1920563	0.1834429
83	0.2127876	0.09357436
84	0.1419721	0.1390169
85	0.1681418	0.1309812
86	0.1336981	0.1314234
87	0.007654339	0.003295761
88	0.636212	0.005558149
89	0.265629	0.06244383
90	0.2196873	0.2181808
91	0.9392334	0.169808
92	0.8373096	0.8073548
93	0.8077246	0.8042817
94	0.9883909	0.8057958
95	0.1132156	0.1042955
96	0.1058991	0.07985662
97	0.06935942	0.05113568
98	0.0528227	0.03995635
99	0.1556446	0.02282167
100	0.01716819	0.01636229
101	0.007711805	0.002112412
102	0.0550291	0.002169224
103	0.8125892	0.01480204
104	0.8980697	0.816514
105	0.9916802	0.9246639
106	0.9784932	0.9701328
107	0.1989425	0.1987935
108	0.1168693	0.1158568
109	0.1053418	0.0801276
110	0.05295738	0.05110561
111	0.003169149	0.001861758
112	0.1219238	0.00113512
113	0.9960461	0.0985215
114	0.2209566	0.2206472
115	0.1726054	0.1499331
116	0.9820697	0.1319222
117	0.5555116	0.5482646
118	0.4877091	0.4737384
119	0.9487046	0.4653552
120	0.95549	0.9389986
121	0.9970419	0.9563402
122	0.9913519	0.9886778
123	0.6483303	0.6435596
124	0.4708189	0.465603
125	0.3221725	0.27518
126	0.3331449	0.1603703
